Confusion Matrix: [[8560   27   15   36   31   44   25   32   15   21   26   10    7   21
    12    8  141   20]
 [  10   58    1   13    0    2    0    0    1    0    0    0    0    0
     0    0    0    0]
 [  10    0   70    1   24    0    0    0    0    0    0    0    0    0
     0    0    0    3]
 [  17    5    0   48    0    0    0    0    0    0    0    0    0    0
     1    0    0    0]
 [   2    0    4    0   92    0    0    0    0    0    0    1    0    0
     0    0    0    0]
 [  35    0    1    0    0  177   16   10    3    1    1    0    1    0
     0    0    2    2]
 [  32    0    0    0    0   16  105    1    6    0    2    1    1    0
     1    0    1    3]
 [  20    0    0    0    0    5    1   78    3    2    0    0    0    2
     3    0    8    2]
 [  32    0    0    1    0    0    1    5   40    2    2    0    7    3
     8    0    0    3]
 [   8    0    0    0    0    1    0    3    1   20    3    2    0    1
     0    0    0    6]
 [   8    0    0    0    0    0    0    1    0    0   14    2    1    0
     0    0    0    5]
 [   6    0    0    0    0    0    0    4    0    5    0   22    1    6
     0    0    0    0]
 [   5    0    0    0    0    0    0    1    0    5    2    3    7    3
    12    0    0    0]
 [  10    0    0    0    0    0    0    2    0    0    0    3    0   48
     4    0    0    0]
 [   6    0    0    0    0    0    0    0    0    0    0    1    1   11
    42    0    0    0]
 [  56    0    0    3    0    0    0    0    0    0    0    0    0    1
     0   49    1    0]
 [ 143    7    0    2    0    0    0    0    0    0    0    0    0    0
     0    0  234    0]
 [  25    1    2    0    2    0    1    1    0    2    0    0    0    0
     0    0    0   79]]
Normalised Confusion Matrix: [[7.81378403e+01 2.46462807e-01 1.36923775e-01 3.28617066e-01
  2.82975823e-01 4.01643097e-01 2.28206307e-01 2.92104065e-01
  1.36923775e-01 1.91693291e-01 2.37334549e-01 9.12825167e-02
  6.38977587e-02 1.91693291e-01 1.09539017e-01 7.30260164e-02
  1.28708351e+00 1.82565033e-01]
 [9.12825167e-02 5.29438615e-01 9.12825204e-03 1.18667275e-01
  0.00000000e+00 1.82565041e-02 0.00000000e+00 0.00000000e+00
  9.12825204e-03 0.00000000e+00 0.00000000e+00 0.00000000e+00
  0.00000000e+00 0.00000000e+00 0.00000000e+00 0.00000000e+00
  0.00000000e+00 0.00000000e+00]
 [9.12825167e-02 0.00000000e+00 6.38977647e-01 9.12825204e-03
  2.19078034e-01 0.00000000e+00 0.00000000e+00 0.00000000e+00
  0.00000000e+00 0.00000000e+00 0.00000000e+00 0.00000000e+00
  0.00000000e+00 0.00000000e+00 0.00000000e+00 0.00000000e+00
  0.00000000e+00 2.73847543e-02]
 [1.55180290e-01 4.56412584e-02 0.00000000e+00 4.38156068e-01
  0.00000000e+00 0.00000000e+00 0.00000000e+00 0.00000000e+00
  0.00000000e+00 0.00000000e+00 0.00000000e+00 0.00000000e+00
  0.00000000e+00 0.00000000e+00 9.12825204e-03 0.00000000e+00
  0.00000000e+00 0.00000000e+00]
 [1.82565041e-02 0.00000000e+00 3.65130082e-02 0.00000000e+00
  8.39799166e-01 0.00000000e+00 0.00000000e+00 0.00000000e+00
  0.00000000e+00 0.00000000e+00 0.00000000e+00 9.12825204e-03
  0.00000000e+00 0.00000000e+00 0.00000000e+00 0.00000000e+00
  0.00000000e+00 0.00000000e+00]
 [3.19488823e-01 0.00000000e+00 9.12825204e-03 0.00000000e+00
  0.00000000e+00 1.61570072e+00 1.46052033e-01 9.12825167e-02
  2.73847543e-02 9.12825204e-03 9.12825204e-03 0.00000000e+00
  9.12825204e-03 0.00000000e+00 0.00000000e+00 0.00000000e+00
  1.82565041e-02 1.82565041e-02]
 [2.92104065e-01 0.00000000e+00 0.00000000e+00 0.00000000e+00
  0.00000000e+00 1.46052033e-01 9.58466411e-01 9.12825204e-03
  5.47695085e-02 0.00000000e+00 1.82565041e-02 9.12825204e-03
  9.12825204e-03 0.00000000e+00 9.12825204e-03 0.00000000e+00
  9.12825204e-03 2.73847543e-02]
 [1.82565033e-01 0.00000000e+00 0.00000000e+00 0.00000000e+00
  0.00000000e+00 4.56412584e-02 9.12825204e-03 7.12003648e-01
  2.73847543e-02 1.82565041e-02 0.00000000e+00 0.00000000e+00
  0.00000000e+00 1.82565041e-02 2.73847543e-02 0.00000000e+00
  7.30260164e-02 1.82565041e-02]
 [2.92104065e-01 0.00000000e+00 0.00000000e+00 9.12825204e-03
  0.00000000e+00 0.00000000e+00 9.12825204e-03 4.56412584e-02
  3.65130067e-01 1.82565041e-02 1.82565041e-02 0.00000000e+00
  6.38977587e-02 2.73847543e-02 7.30260164e-02 0.00000000e+00
  0.00000000e+00 2.73847543e-02]
 [7.30260164e-02 0.00000000e+00 0.00000000e+00 0.00000000e+00
  0.00000000e+00 9.12825204e-03 0.00000000e+00 2.73847543e-02
  9.12825204e-03 1.82565033e-01 2.73847543e-02 1.82565041e-02
  0.00000000e+00 9.12825204e-03 0.00000000e+00 0.00000000e+00
  0.00000000e+00 5.47695085e-02]
 [7.30260164e-02 0.00000000e+00 0.00000000e+00 0.00000000e+00
  0.00000000e+00 0.00000000e+00 0.00000000e+00 9.12825204e-03
  0.00000000e+00 0.00000000e+00 1.27795517e-01 1.82565041e-02
  9.12825204e-03 0.00000000e+00 0.00000000e+00 0.00000000e+00
  0.00000000e+00 4.56412584e-02]
 [5.47695085e-02 0.00000000e+00 0.00000000e+00 0.00000000e+00
  0.00000000e+00 0.00000000e+00 0.00000000e+00 3.65130082e-02
  0.00000000e+00 4.56412584e-02 0.00000000e+00 2.00821549e-01
  9.12825204e-03 5.47695085e-02 0.00000000e+00 0.00000000e+00
  0.00000000e+00 0.00000000e+00]
 [4.56412584e-02 0.00000000e+00 0.00000000e+00 0.00000000e+00
  0.00000000e+00 0.00000000e+00 0.00000000e+00 9.12825204e-03
  0.00000000e+00 4.56412584e-02 1.82565041e-02 2.73847543e-02
  6.38977587e-02 2.73847543e-02 1.09539017e-01 0.00000000e+00
  0.00000000e+00 0.00000000e+00]
 [9.12825167e-02 0.00000000e+00 0.00000000e+00 0.00000000e+00
  0.00000000e+00 0.00000000e+00 0.00000000e+00 1.82565041e-02
  0.00000000e+00 0.00000000e+00 0.00000000e+00 2.73847543e-02
  0.00000000e+00 4.38156068e-01 3.65130082e-02 0.00000000e+00
  0.00000000e+00 0.00000000e+00]
 [5.47695085e-02 0.00000000e+00 0.00000000e+00 0.00000000e+00
  0.00000000e+00 0.00000000e+00 0.00000000e+00 0.00000000e+00
  0.00000000e+00 0.00000000e+00 0.00000000e+00 9.12825204e-03
  9.12825204e-03 1.00410774e-01 3.83386582e-01 0.00000000e+00
  0.00000000e+00 0.00000000e+00]
 [5.11182070e-01 0.00000000e+00 0.00000000e+00 2.73847543e-02
  0.00000000e+00 0.00000000e+00 0.00000000e+00 0.00000000e+00
  0.00000000e+00 0.00000000e+00 0.00000000e+00 0.00000000e+00
  0.00000000e+00 9.12825204e-03 0.00000000e+00 4.47284341e-01
  9.12825204e-03 0.00000000e+00]
 [1.30534005e+00 6.38977587e-02 0.00000000e+00 1.82565041e-02
  0.00000000e+00 0.00000000e+00 0.00000000e+00 0.00000000e+00
  0.00000000e+00 0.00000000e+00 0.00000000e+00 0.00000000e+00
  0.00000000e+00 0.00000000e+00 0.00000000e+00 0.00000000e+00
  2.13601089e+00 0.00000000e+00]
 [2.28206307e-01 9.12825204e-03 1.82565041e-02 0.00000000e+00
  1.82565041e-02 0.00000000e+00 9.12825204e-03 9.12825204e-03
  0.00000000e+00 1.82565041e-02 0.00000000e+00 0.00000000e+00
  0.00000000e+00 0.00000000e+00 0.00000000e+00 0.00000000e+00
  0.00000000e+00 7.21131921e-01]]
